x,y
43.13598348699912,204.24645475443347
38.33048846951859,194.51227584109617
34.0553718859697,184.25356678444138
26.591581665439026,167.23270082685798
24.348955528265517,157.47508787795425
21.440731491897388,145.27806003456158
19.65801708225166,131.8936984243252
21.0463757874423,123.9851228667255
20.80708409204765,114.20618258889488
19.8148550845832,103.08183843870898
20.30784055946183,90.8162029651792
25.49619978613037,85.59982199514013
23.17955303091506,74.79694252263398
19.142427957226836,65.8623351118409
16.399996295067336,53.77542625177427
16.893040083423667,45.06985801758369
18.945355883613686,33.904876145478326
25.861159165245642,25.263688445413326
24.801944022147286,16.39999999999997
34.69708410257884,93.46693653667364
44.81178145464638,106.116691888946
47.71929658664643,129.10132145234712
49.17768398011231,145.4797452028105
37.890111359309515,129.27273194587374
28.605665625413593,107.4097138565833
37.732782056058284,44.10653627629764
50.663607610197644,50.12652523447868
53.310417634826905,58.672341399362864
51.92252067473545,66.44080204588211
44.05550928443621,62.03121251151908
39.227274524488934,52.662737185001866
65.98255892089624,89.47149615412532
79.17803052053694,128.35646141822033
69.73372193606502,118.23151757861731
68.96964618807675,101.60810675789756
